17
0 2.261 4.477 4.942 6.271 3.036 3.675 4.066 5.365 4.958 4.995 5.371 5.404 5.196 4.639 6.916 5.948 
2.852 0 5.893 4.388 9.664 1.372 1.493 1.799 6.358 6.376 5.989 4.818 4.85 4.642 8.032 10.541 8.569 
4.686 6.186 0 8.733 10.574 5.429 6.068 6.459 0.759 0.774 0.566 9.163 7.673 7.132 6.519 10.645 7.829 
3.838 5.323 9.71 0 5.344 6.846 5.904 5.838 9.039 8.767 8.669 0.88 0.585 1.144 4.457 6.02 4.567 
6.22 8.479 9.966 4.713 0 9.227 9.865 10.256 8.962 9.429 8.593 6.292 5.096 5.219 1.771 0.933 0.762 
3.777 1.115 5.817 4.9 9.504 0 0.996 1.387 6.284 6.3 5.914 5.33 5.362 5.156 7.872 10.117 9.081 
4.107 1.445 6.147 4.364 9.641 1.335 0 0.346 6.614 6.63 6.244 4.794 4.826 4.62 8.009 10.517 8.545 
4.243 1.581 6.286 4.913 10.188 1.472 1.187 0 6.751 6.767 6.381 5.343 5.375 5.167 8.556 11.065 9.094 
4.264 5.766 1.052 9.207 9.131 5.008 5.647 6.038 0 1.036 1.657 9.636 9.668 7.744 7.131 9.202 8.441 
5.426 6.926 1.327 10.369 10.771 6.17 6.807 7.198 1.577 0 1.926 10.798 10.83 9.543 7.88 10.842 11.96 
4.499 5.999 1.9 8.547 8.803 5.243 5.88 6.271 0.749 2.272 0 8.975 7.486 6.944 6.332 8.873 9.831 
4.406 5.264 10.28 0.775 5.69 6.131 5.845 5.779 9.607 9.715 9.237 0 1.237 1.636 5.025 6.366 4.913 
3.947 5.434 9.821 0.54 5.384 6.955 6.015 5.949 9.15 9.256 8.78 0.799 0 1.255 4.552 6.48 4.607 
3.537 4.375 9.411 1.266 5.858 6.545 5.616 5.55 8.738 8.846 8.368 2.528 1.728 0 4.227 6.472 4.763 
4.765 7.026 8.933 4.118 1.215 7.773 8.412 8.801 8.262 9.276 7.892 5.697 4.501 4.623 0 1.828 1.31 
6.421 8.682 10.705 5.484 0.77 9.429 10.068 10.457 10.924 10.167 8.701 7.061 5.867 5.989 2.542 0 1.429 
5.969 8.23 9.911 4.092 1.474 8.976 9.614 10.005 9.239 9.929 8.87 5.669 4.475 4.597 1.15 1.435 0 
