17
0 276 503 433 652 266 308 343 489 467 420 505 462 459 475 651 649 
309 0 622 418 884 220 218 241 582 586 514 490 447 444 707 862 842 
412 526 0 842 776 450 492 527 118 107 86 914 804 756 628 790 802 
379 584 906 0 555 631 620 610 838 832 770 121 67 161 426 620 496 
489 758 849 426 0 741 783 818 764 770 695 589 458 475 182 118 134 
327 142 574 493 919 0 83 118 497 498 429 531 488 485 702 952 883 
366 182 613 460 931 193 0 1 464 465 396 426 383 379 643 797 777 
396 211 643 454 926 223 193 0 603 604 535 530 487 483 747 901 881 
501 615 169 929 864 552 589 628 0 1 15 794 751 670 542 666 716 
495 609 201 922 809 546 583 622 256 0 234 994 951 872 775 817 884 
384 498 219 823 745 434 471 511 125 252 0 901 790 742 614 759 808 
379 564 905 77 564 623 594 588 836 841 770 0 109 159 423 626 502 
350 555 877 42 530 601 584 579 808 813 741 107 0 133 406 589 472 
352 578 879 172 578 602 597 592 810 815 743 315 207 0 368 618 503 
372 641 775 339 181 622 659 698 706 751 639 500 371 389 0 255 174 
555 824 847 541 115 805 842 882 841 759 762 702 573 591 298 0 201 
514 783 879 400 194 765 802 841 810 845 743 560 432 449 156 197 0 
